BOT_TOKEN=1645946860:AAHBB1Vo8MuxzDNp2N-FwasngMUew3usoHc
LAT=-32.478392921878005
LONG=-58.25647219137742
API_KEY=b2f89557d4a2c7366d4a12d116ab341f
CHAT_ID=1496788191
